Features ant lucene jedit poi ivy 
wmc 0.00 100.00 0.00 0.00 0.00 
dit 0.00 0.00 0.00 0.00 0.00 
noc 0.00 0.00 0.00 0.00 0.00 
cbo 80.82 100.00 0.00 0.00 98.63 
rfc 100.00 0.00 100.00 100.00 1.37 
lcom 0.00 0.00 0.00 0.00 0.00 
ca 0.00 0.00 0.00 0.00 0.00 
ce 0.00 0.00 0.00 0.00 0.00 
npm 0.00 0.00 0.00 0.00 0.00 
lcom3 0.00 1.03 0.00 0.00 0.00 
loc 100.00 100.00 0.00 100.00 100.00 
dam 0.00 0.00 0.00 0.00 0.00 
moa 0.00 0.00 0.00 0.00 0.00 
mfa 19.18 1.03 0.00 0.00 0.00 
cam 0.00 1.03 0.00 0.00 66.78 
ic 0.00 0.00 0.00 0.00 0.00 
cbm 0.00 0.00 0.00 0.00 0.00 
amc 0.00 1.03 0.00 0.00 0.00 
max_cc 0.00 0.00 0.00 0.00 1.37 
avg_cc 19.18 1.03 0.00 0.00 0.00 
